parametersparametersparametersparametersparametersparametersparametersparametersparametersparametersparametersparametersparametersparametersparametersparametersparametersparametersparametersparametersparametersparametersparametersparametersparametersparametersparametersparametersparametersparametersparametersparametersparametersparametersparametersparametersparametersparametersparametersparametersparametersparametersparametersparametersparametersparametersparametersparametersparametersparametersparametersparametersparametersparametersparametersparametersparametersparametersparametersparametersparametersparametersparametersparametersparametersparametersparametersparametersparametersparametersparametersparametersparametersparametersparametersparametersparametersparametersparametersparametersparametersparametersparametersparametersparametersparametersparametersparametersparametersparametersparametersparametersparametersparametersparametersparametersparametersparametersparametersDist: [[ 0.0024587   0.1969347   0.04114229  0.01412465 -0.2643499 ]]cameramtx: [[434.78386953   0.         692.83460392]
 [  0.         313.80817336 457.43195975]
 [  0.           0.           1.        ]]ROI: (168, 206, 1111, 485)Dist: [[ 6.41506210e-01 -4.94709540e+00  8.93572392e-03 -6.06203585e-03
   1.24385542e+01]]cameramtx: [[1.24573093e+03 0.00000000e+00 6.22365979e+02]
 [0.00000000e+00 9.35754092e+02 3.80873214e+02]
 [0.00000000e+00 0.00000000e+00 1.00000000e+00]]ROI: (265, 217, 742, 325)Dist: [[ 5.92826782e-01 -3.97272207e+00  1.19310112e-02 -5.91323320e-03
   9.05577891e+00]]cameramtx: [[1.11157707e+03 0.00000000e+00 6.38872964e+02]
 [0.00000000e+00 9.59043462e+02 4.04159144e+02]
 [0.00000000e+00 0.00000000e+00 1.00000000e+00]]ROI: (229, 185, 807, 427)Dist: [[ 0.56607741 -3.39008306  0.00960602 -0.02445009  7.05851066]]cameramtx: [[1.08036362e+03 0.00000000e+00 6.29612607e+02]
 [0.00000000e+00 9.74585161e+02 4.01280275e+02]
 [0.00000000e+00 0.00000000e+00 1.00000000e+00]]ROI: (157, 123, 966, 530)Dist: [[ 0.63254699 -4.58132292  0.01351847 -0.02996446 11.57271494]]cameramtx: [[1.19251836e+03 0.00000000e+00 6.31521205e+02]
 [0.00000000e+00 1.08167531e+03 3.98921955e+02]
 [0.00000000e+00 0.00000000e+00 1.00000000e+00]]ROI: (135, 109, 1026, 549)Dist: [[ 0.44813439 -2.05603012  0.00385968  0.00572047  3.04493979]]cameramtx: [[969.67619763   0.         658.73954301]
 [  0.         908.91806465 373.95768373]
 [  0.           0.           1.        ]]ROI: (79, 56, 1157, 621)Dist: [[ 4.58654844e-01 -2.59290993e+00  2.33839004e-03  1.09236885e-02
   4.68469114e+00]]cameramtx: [[1.07498918e+03 0.00000000e+00 6.67969992e+02]
 [0.00000000e+00 1.01145957e+03 3.64519227e+02]
 [0.00000000e+00 0.00000000e+00 1.00000000e+00]]ROI: (55, 40, 1197, 642)Dist: [[ 4.05614681e-01 -2.42369167e+00  2.00710003e-04  1.63378019e-02
   4.63609112e+00]]cameramtx: [[1.11676283e+03 0.00000000e+00 6.78352487e+02]
 [0.00000000e+00 1.05396711e+03 3.51807719e+02]
 [0.00000000e+00 0.00000000e+00 1.00000000e+00]]ROI: (42, 27, 1217, 661)Dist: [[ 3.78965577e-01 -2.49160734e+00  9.86651436e-04  2.00431321e-02
   5.07392600e+00]]cameramtx: [[1.20296138e+03 0.00000000e+00 6.86306470e+02]
 [0.00000000e+00 1.14622670e+03 3.45637024e+02]
 [0.00000000e+00 0.00000000e+00 1.00000000e+00]]ROI: (28, 15, 1239, 686)Dist: [[ 4.00939891e-01 -2.61606775e+00  4.12862863e-06  2.01423274e-02
   3.43780303e+00]]cameramtx: [[1.30434424e+03 0.00000000e+00 6.71783929e+02]
 [0.00000000e+00 1.23581716e+03 3.67444133e+02]
 [0.00000000e+00 0.00000000e+00 1.00000000e+00]]ROI: (20, 28, 1248, 664)Dist: [[ 3.34820754e-01 -1.89500502e+00 -5.72164725e-04  1.64796565e-02
   2.09886477e+00]]cameramtx: [[1.21302220e+03 0.00000000e+00 6.70971416e+02]
 [0.00000000e+00 1.15121438e+03 3.58340028e+02]
 [0.00000000e+00 0.00000000e+00 1.00000000e+00]]ROI: (20, 27, 1247, 665)Dist: [[ 3.38330427e-01 -2.01293623e+00 -1.52934784e-03  1.77796352e-02
   2.25862649e+00]]cameramtx: [[1.24467010e+03 0.00000000e+00 6.70603606e+02]
 [0.00000000e+00 1.18089298e+03 3.55161403e+02]
 [0.00000000e+00 0.00000000e+00 1.00000000e+00]]ROI: (23, 27, 1243, 662)Dist: [[ 4.04171012e-01 -2.86818286e+00 -2.21759968e-03  1.76148666e-02
   4.28064323e+00]]cameramtx: [[1.33687398e+03 0.00000000e+00 6.66297956e+02]
 [0.00000000e+00 1.27225942e+03 3.56641879e+02]
 [0.00000000e+00 0.00000000e+00 1.00000000e+00]]ROI: (15, 22, 1255, 673)Dist: [[ 3.87220350e-01 -2.72636917e+00 -3.22815237e-03  1.81237248e-02
   3.70161295e+00]]cameramtx: [[1.33305722e+03 0.00000000e+00 6.72578584e+02]
 [0.00000000e+00 1.26541767e+03 3.51464458e+02]
 [0.00000000e+00 0.00000000e+00 1.00000000e+00]]ROI: (22, 25, 1244, 665)Dist: [[ 2.98513619e-01 -1.55403070e+00 -1.20225723e-03  9.53148684e-03
   1.27999251e+00]]cameramtx: [[1.15331991e+03 0.00000000e+00 6.76607127e+02]
 [0.00000000e+00 1.08831924e+03 3.63458595e+02]
 [0.00000000e+00 0.00000000e+00 1.00000000e+00]]ROI: (34, 34, 1226, 652)Dist: [[ 4.67804503e-01 -3.52875116e+00 -4.57709772e-04  1.38310143e-02
   5.57828502e+00]]cameramtx: [[1.37949581e+03 0.00000000e+00 6.59862373e+02]
 [0.00000000e+00 1.31366760e+03 3.79204860e+02]
 [0.00000000e+00 0.00000000e+00 1.00000000e+00]]ROI: (15, 23, 1252, 675)Dist: [[ 4.47321434e-01 -3.29944493e+00 -3.84137815e-05  1.36019042e-02
   5.12731419e+00]]cameramtx: [[1.35277332e+03 0.00000000e+00 6.60382398e+02]
 [0.00000000e+00 1.28918143e+03 3.75894175e+02]
 [0.00000000e+00 0.00000000e+00 1.00000000e+00]]ROI: (14, 22, 1254, 676)Dist: [[ 4.38927773e-01 -3.17798518e+00  3.43153812e-04  1.36072661e-02
   4.90428294e+00]]cameramtx: [[1.33161759e+03 0.00000000e+00 6.61792243e+02]
 [0.00000000e+00 1.26974437e+03 3.73355846e+02]
 [0.00000000e+00 0.00000000e+00 1.00000000e+00]]ROI: (13, 22, 1256, 677)Dist: [[ 4.42038575e-01 -3.24223511e+00  2.48103833e-04  1.37023799e-02
   5.11040707e+00]]cameramtx: [[1.34309900e+03 0.00000000e+00 6.60066656e+02]
 [0.00000000e+00 1.28098842e+03 3.73736968e+02]
 [0.00000000e+00 0.00000000e+00 1.00000000e+00]]ROI: (12, 21, 1257, 678)Dist: [[ 4.34563253e-01 -3.22594741e+00 -3.22573077e-04  1.44280309e-02
   5.11345660e+00]]cameramtx: [[1.34462349e+03 0.00000000e+00 6.60248785e+02]
 [0.00000000e+00 1.28127142e+03 3.71961346e+02]
 [0.00000000e+00 0.00000000e+00 1.00000000e+00]]ROI: (12, 21, 1258, 678)Dist: [[ 4.41472309e-01 -3.33451222e+00 -1.98934107e-04  1.43044253e-02
   5.48975951e+00]]cameramtx: [[1.36011124e+03 0.00000000e+00 6.57722232e+02]
 [0.00000000e+00 1.29714963e+03 3.73431441e+02]
 [0.00000000e+00 0.00000000e+00 1.00000000e+00]]ROI: (11, 20, 1260, 680)Dist: [[ 4.56599603e-01 -3.54323978e+00 -2.95077122e-04  1.44128077e-02
   6.12873437e+00]]cameramtx: [[1.37874883e+03 0.00000000e+00 6.54782374e+02]
 [0.00000000e+00 1.31544643e+03 3.74397683e+02]
 [0.00000000e+00 0.00000000e+00 1.00000000e+00]]ROI: (9, 18, 1263, 683)Dist: [[ 4.62130956e-01 -3.64197899e+00 -5.19735990e-04  1.45979791e-02
   6.43392988e+00]]cameramtx: [[1.39072915e+03 0.00000000e+00 6.53319836e+02]
 [0.00000000e+00 1.32678986e+03 3.74801182e+02]
 [0.00000000e+00 0.00000000e+00 1.00000000e+00]]ROI: (9, 18, 1264, 684)Dist: [[ 4.59145128e-01 -3.59215028e+00 -5.52649620e-04  1.44930426e-02
   6.29914144e+00]]cameramtx: [[1.38994174e+03 0.00000000e+00 6.52516998e+02]
 [0.00000000e+00 1.32631396e+03 3.73622761e+02]
 [0.00000000e+00 0.00000000e+00 1.00000000e+00]]ROI: (9, 18, 1264, 684)Dist: [[ 4.54810121e-01 -3.54778589e+00 -5.27060640e-04  1.44127025e-02
   6.21156481e+00]]cameramtx: [[1.38979534e+03 0.00000000e+00 6.51870641e+02]
 [0.00000000e+00 1.32648319e+03 3.73102767e+02]
 [0.00000000e+00 0.00000000e+00 1.00000000e+00]]ROI: (9, 18, 1264, 684)Dist: [[ 4.60276989e-01 -3.63622073e+00 -6.70166285e-04  1.45706647e-02
   6.49661412e+00]]cameramtx: [[1.39838318e+03 0.00000000e+00 6.50917405e+02]
 [0.00000000e+00 1.33492829e+03 3.72883942e+02]
 [0.00000000e+00 0.00000000e+00 1.00000000e+00]]ROI: (8, 17, 1265, 685)Dist: [[ 4.60523772e-01 -3.67912399e+00 -6.62824324e-04  1.47164048e-02
   6.66609523e+00]]cameramtx: [[1.40645245e+03 0.00000000e+00 6.49691297e+02]
 [0.00000000e+00 1.34269855e+03 3.73407497e+02]
 [0.00000000e+00 0.00000000e+00 1.00000000e+00]]ROI: (8, 17, 1265, 685)Dist: [[ 4.59083566e-01 -3.67394550e+00 -7.09308229e-04  1.45972720e-02
   6.69715415e+00]]cameramtx: [[1.40897765e+03 0.00000000e+00 6.48836002e+02]
 [0.00000000e+00 1.34558836e+03 3.72877581e+02]
 [0.00000000e+00 0.00000000e+00 1.00000000e+00]]ROI: (8, 17, 1265, 686)Dist: [[ 4.61724048e-01 -3.72516058e+00 -7.31486838e-04  1.45596871e-02
   6.88525716e+00]]cameramtx: [[1.41577225e+03 0.00000000e+00 6.47846429e+02]
 [0.00000000e+00 1.35238481e+03 3.73192014e+02]
 [0.00000000e+00 0.00000000e+00 1.00000000e+00]]ROI: (8, 16, 1266, 687)Dist: [[ 4.68139958e-01 -3.81318976e+00 -8.50777678e-04  1.45743872e-02
   7.15800642e+00]]cameramtx: [[1.42366691e+03 0.00000000e+00 6.46572785e+02]
 [0.00000000e+00 1.36025540e+03 3.73308321e+02]
 [0.00000000e+00 0.00000000e+00 1.00000000e+00]]ROI: (8, 16, 1266, 687)Dist: [[ 4.72516508e-01 -3.89210040e+00 -9.46311512e-04  1.46917496e-02
   7.43697462e+00]]cameramtx: [[1.43007684e+03 0.00000000e+00 6.45744240e+02]
 [0.00000000e+00 1.36662485e+03 3.73222527e+02]
 [0.00000000e+00 0.00000000e+00 1.00000000e+00]]ROI: (7, 16, 1267, 688)Dist: [[ 4.80449290e-01 -4.00273429e+00 -9.89054497e-04  1.48369104e-02
   7.79994612e+00]]cameramtx: [[1.43697672e+03 0.00000000e+00 6.44905394e+02]
 [0.00000000e+00 1.37345707e+03 3.73170339e+02]
 [0.00000000e+00 0.00000000e+00 1.00000000e+00]]ROI: (7, 15, 1268, 689)Dist: [[ 4.80465243e-01 -4.02609920e+00 -1.06094279e-03  1.49340480e-02
   7.90102451e+00]]cameramtx: [[1.44084777e+03 0.00000000e+00 6.44590887e+02]
 [0.00000000e+00 1.37721381e+03 3.73140831e+02]
 [0.00000000e+00 0.00000000e+00 1.00000000e+00]]ROI: (7, 15, 1268, 689)Dist: [[ 4.80596836e-01 -4.05072666e+00 -1.06365576e-03  1.50246704e-02
   8.00625404e+00]]cameramtx: [[1.44585039e+03 0.00000000e+00 6.44091369e+02]
 [0.00000000e+00 1.38200750e+03 3.73045913e+02]
 [0.00000000e+00 0.00000000e+00 1.00000000e+00]]ROI: (7, 15, 1268, 689)Dist: [[ 4.82626885e-01 -4.09589584e+00 -1.22687295e-03  1.52328735e-02
   8.15590611e+00]]cameramtx: [[1.45052104e+03 0.00000000e+00 6.43913787e+02]
 [0.00000000e+00 1.38644930e+03 3.72838162e+02]
 [0.00000000e+00 0.00000000e+00 1.00000000e+00]]ROI: (7, 15, 1268, 689)Dist: [[ 4.83752360e-01 -4.13507327e+00 -1.33314496e-03  1.53362849e-02
   8.31484139e+00]]cameramtx: [[1.45538214e+03 0.00000000e+00 6.43587301e+02]
 [0.00000000e+00 1.39121762e+03 3.72669790e+02]
 [0.00000000e+00 0.00000000e+00 1.00000000e+00]]ROI: (7, 15, 1269, 689)Dist: [[ 4.84754067e-01 -4.16606406e+00 -1.40105006e-03  1.53527587e-02
   8.43121781e+00]]cameramtx: [[1.46042926e+03 0.00000000e+00 6.42776704e+02]
 [0.00000000e+00 1.39617581e+03 3.72737722e+02]
 [0.00000000e+00 0.00000000e+00 1.00000000e+00]]ROI: (7, 15, 1269, 690)Dist: [[ 4.87330588e-01 -4.21913277e+00 -1.48649469e-03  1.54220070e-02
   8.63058659e+00]]cameramtx: [[1.46535301e+03 0.00000000e+00 6.42284241e+02]
 [0.00000000e+00 1.40100540e+03 3.72783308e+02]
 [0.00000000e+00 0.00000000e+00 1.00000000e+00]]ROI: (6, 14, 1269, 690)Dist: [[ 4.90397885e-01 -4.27023748e+00 -1.47127824e-03  1.54711213e-02
   8.81792096e+00]]cameramtx: [[1.46956708e+03 0.00000000e+00 6.41718735e+02]
 [0.00000000e+00 1.40515356e+03 3.72952150e+02]
 [0.00000000e+00 0.00000000e+00 1.00000000e+00]]ROI: (6, 14, 1269, 690)Dist: [[ 4.91973733e-01 -4.30136063e+00 -1.57086239e-03  1.56555491e-02
   8.91564672e+00]]cameramtx: [[1.47337518e+03 0.00000000e+00 6.41731259e+02]
 [0.00000000e+00 1.40874029e+03 3.72979534e+02]
 [0.00000000e+00 0.00000000e+00 1.00000000e+00]]ROI: (6, 14, 1269, 690)Dist: [[ 4.97130905e-01 -4.38491143e+00 -1.64393688e-03  1.57845375e-02
   9.20698341e+00]]cameramtx: [[1.47912591e+03 0.00000000e+00 6.41215414e+02]
 [0.00000000e+00 1.41433387e+03 3.73015373e+02]
 [0.00000000e+00 0.00000000e+00 1.00000000e+00]]ROI: (6, 14, 1270, 690)Dist: [[ 5.00309296e-01 -4.43246777e+00 -1.75570334e-03  1.58747469e-02
   9.36663809e+00]]cameramtx: [[1.48186196e+03 0.00000000e+00 6.40756653e+02]
 [0.00000000e+00 1.41704409e+03 3.72771498e+02]
 [0.00000000e+00 0.00000000e+00 1.00000000e+00]]ROI: (6, 14, 1270, 691)Dist: [[ 5.06630328e-01 -4.52910188e+00 -1.84912661e-03  1.59605504e-02
   9.71413448e+00]]cameramtx: [[1.48612140e+03 0.00000000e+00 6.40253360e+02]
 [0.00000000e+00 1.42129538e+03 3.72702054e+02]
 [0.00000000e+00 0.00000000e+00 1.00000000e+00]]ROI: (6, 14, 1271, 691)Dist: [[ 5.05809797e-01 -4.52014894e+00 -1.78077981e-03  1.59277155e-02
   9.71363400e+00]]cameramtx: [[1.48612071e+03 0.00000000e+00 6.39938801e+02]
 [0.00000000e+00 1.42142138e+03 3.72480824e+02]
 [0.00000000e+00 0.00000000e+00 1.00000000e+00]]ROI: (6, 14, 1271, 691)Dist: [[ 5.13925188e-01 -4.72944979e+00 -2.14588816e-03  1.65456353e-02
   1.05487217e+01]]cameramtx: [[1.50882460e+03 0.00000000e+00 6.40950122e+02]
 [0.00000000e+00 1.44336324e+03 3.71008433e+02]
 [0.00000000e+00 0.00000000e+00 1.00000000e+00]]ROI: (5, 13, 1272, 692)Dist: [[ 5.19771655e-01 -4.88620616e+00 -2.44471396e-03  1.69051652e-02
   1.12075263e+01]]cameramtx: [[1.52644777e+03 0.00000000e+00 6.41876512e+02]
 [0.00000000e+00 1.46066642e+03 3.69621008e+02]
 [0.00000000e+00 0.00000000e+00 1.00000000e+00]]ROI: (5, 13, 1272, 693)

 New parameters: Dist: [[ 1.39879076e-03 -2.87126885e-05 -3.72195204e-04  1.53927532e-03
   1.42657385e-07]]cameramtx: [[ 70.81297446   0.         668.50053481]
 [  0.          67.07517035 355.23798057]
 [  0.           0.           1.        ]]ROI: (6, 19, 1268, 676)MTX: [[ 71.59407483   0.         639.50001298]
 [  0.          69.14887056 359.50009637]
 [  0.           0.           1.        ]]Dist: [[ 1.39885629e-03 -2.87153612e-05 -3.72204538e-04  1.53931207e-03
   1.42677282e-07]]cameramtx: [[ 70.81460772   0.         668.50045944]
 [  0.          67.07671643 355.23807205]
 [  0.           0.           1.        ]]ROI: (6, 19, 1268, 676)MTX: [[ 71.59572463   0.         639.49991672]
 [  0.          69.1504637  359.50019852]
 [  0.           0.           1.        ]]Dist: [[ 1.39881546e-03 -2.87136661e-05 -3.72199598e-04  1.53929010e-03
   1.42664624e-07]]cameramtx: [[ 70.81354759   0.         668.50038082]
 [  0.          67.07571166 355.23816488]
 [  0.           0.           1.        ]]ROI: (6, 19, 1268, 676)MTX: [[ 71.59465113   0.         639.49982047]
 [  0.          69.14942685 359.50030065]
 [  0.           0.           1.        ]]Dist: [[ 1.39879593e-03 -2.87128476e-05 -3.72197642e-04  1.53928008e-03
   1.42658503e-07]]cameramtx: [[ 70.81302817   0.         668.50030567]
 [  0.          67.07521873 355.23825609]
 [  0.           0.           1.        ]]ROI: (6, 19, 1268, 676)MTX: [[ 71.59412452   0.         639.49972422]
 [  0.          69.1489179  359.50040277]
 [  0.           0.           1.        ]]Dist: [[ 1.39883623e-03 -2.87144846e-05 -3.72203611e-04  1.53930294e-03
   1.42670681e-07]]cameramtx: [[ 70.81402286   0.         668.50023012]
 [  0.          67.07615999 355.23834763]
 [  0.           0.           1.        ]]ROI: (6, 19, 1268, 676)MTX: [[ 71.5951287    0.         639.49962799]
 [  0.          69.14988751 359.50050488]
 [  0.           0.           1.        ]]Dist: [[ 1.39873557e-03 -2.87103339e-05 -3.72190755e-04  1.53924810e-03
   1.42639725e-07]]cameramtx: [[ 70.81144857   0.         668.50015229]
 [  0.          67.07372095 355.23843998]
 [  0.           0.           1.        ]]ROI: (6, 19, 1268, 676)MTX: [[ 71.59252437   0.         639.49953176]
 [  0.          69.14737204 359.50060698]
 [  0.           0.           1.        ]]Dist: [[ 1.39859096e-03 -2.87043794e-05 -3.72171981e-04  1.53916900e-03
   1.42595329e-07]]cameramtx: [[ 70.80776167   0.         668.50007289]
 [  0.          67.07022822 355.23853311]
 [  0.           0.           1.        ]]ROI: (6, 19, 1268, 676)MTX: [[ 71.58879507   0.         639.49943554]
 [  0.          69.14377019 359.50070907]
 [  0.           0.           1.        ]]Dist: [[ 1.39854704e-03 -2.87025589e-05 -3.72166690e-04  1.53914538e-03
   1.42581739e-07]]cameramtx: [[ 70.80662407   0.         668.49999507]
 [  0.          67.0691499  355.23862521]
 [  0.           0.           1.        ]]ROI: (6, 19, 1268, 676)MTX: [[ 71.58764344   0.         639.49933934]
 [  0.          69.14265773 359.50081114]
 [  0.           0.           1.        ]]Dist: [[ 1.39862720e-03 -2.87058325e-05 -3.72178059e-04  1.53919035e-03
   1.42606114e-07]]cameramtx: [[ 70.80862842   0.         668.4999225 ]
 [  0.          67.07104734 355.23871567]
 [  0.           0.           1.        ]]ROI: (6, 19, 1268, 676)MTX: [[ 71.58966843   0.         639.49924316]
 [  0.          69.14461312 359.5009132 ]
 [  0.           0.           1.        ]]Dist: [[ 1.39864049e-03 -2.87063592e-05 -3.72180323e-04  1.53919816e-03
   1.42610014e-07]]cameramtx: [[ 70.80893825   0.         668.49984402]
 [  0.          67.07134014 355.23880838]
 [  0.           0.           1.        ]]ROI: (6, 19, 1268, 676)MTX: [[ 71.58998003   0.         639.49914698]
 [  0.          69.14491398 359.50101525]
 [  0.           0.           1.        ]]Dist: [[ 1.39865164e-03 -2.87068003e-05 -3.72182474e-04  1.53920506e-03
   1.42613280e-07]]cameramtx: [[ 70.80919553   0.         668.49976976]
 [  0.          67.07158284 355.2388992 ]
 [  0.           0.           1.        ]]ROI: (6, 19, 1268, 676)MTX: [[ 71.59023873   0.         639.49905082]
 [  0.          69.14516348 359.50111729]
 [  0.           0.           1.        ]]Dist: [[ 1.39874670e-03 -2.87106851e-05 -3.72195753e-04  1.53925810e-03
   1.42642208e-07]]cameramtx: [[ 70.81157662   0.         668.49969509]
 [  0.          67.07383721 355.23899038]
 [  0.           0.           1.        ]]ROI: (6, 19, 1268, 676)MTX: [[ 71.59264466   0.         639.49895467]
 [  0.          69.1474869  359.50121931]
 [  0.           0.           1.        ]]Dist: [[ 1.39859083e-03 -2.87042681e-05 -3.72175442e-04  1.53917273e-03
   1.42594364e-07]]cameramtx: [[ 70.80760446   0.         668.49961459]
 [  0.          67.07007433 355.23908386]
 [  0.           0.           1.        ]]ROI: (6, 19, 1268, 676)MTX: [[ 71.58862693   0.         639.49885851]
 [  0.          69.14360651 359.50132132]
 [  0.           0.           1.        ]]Dist: [[ 1.39860399e-03 -2.87047890e-05 -3.72177299e-04  1.53918036e-03
   1.42598223e-07]]cameramtx: [[ 70.8079115    0.         668.49953388]
 [  0.          67.07036468 355.23918101]
 [  0.           0.           1.        ]]ROI: (6, 19, 1268, 676)MTX: [[ 71.58893516   0.         639.49876238]
 [  0.          69.14390445 359.50142332]
 [  0.           0.           1.        ]]Dist: [[ 1.39868391e-03 -2.87080545e-05 -3.72189129e-04  1.53922544e-03
   1.42622537e-07]]cameramtx: [[ 70.80991014   0.         668.49946577]
 [  0.          67.0722563  355.23926575]
 [  0.           0.           1.        ]]ROI: (6, 19, 1268, 676)MTX: [[ 71.59095516   0.         639.49866627]
 [  0.          69.14585453 359.50152531]
 [  0.           0.           1.        ]]Dist: [[ 1.39869006e-03 -2.87082889e-05 -3.72190511e-04  1.53922941e-03
   1.42624260e-07]]cameramtx: [[ 70.81003967   0.         668.49938878]
 [  0.          67.07237821 355.23935765]
 [  0.           0.           1.        ]]ROI: (6, 19, 1268, 676)MTX: [[ 71.59108455   0.         639.49857016]
 [  0.          69.1459793  359.50162729]
 [  0.           0.           1.        ]]Dist: [[ 1.39881635e-03 -2.87134548e-05 -3.72207829e-04  1.53929944e-03
   1.42662733e-07]]cameramtx: [[ 70.81321028   0.         668.49931111]
 [  0.          67.0753806  355.23945003]
 [  0.           0.           1.        ]]ROI: (6, 19, 1268, 676)MTX: [[ 71.59428857   0.         639.49847407]
 [  0.          69.14907367 359.50172925]
 [  0.           0.           1.        ]]Dist: [[ 1.39864390e-03 -2.87063593e-05 -3.72185542e-04  1.53920532e-03
   1.42609838e-07]]cameramtx: [[ 70.80882047   0.         668.49923668]
 [  0.          67.07122173 355.23954095]
 [  0.           0.           1.        ]]ROI: (6, 19, 1268, 676)MTX: [[ 71.58984884   0.         639.49837796]
 [  0.          69.14478539 359.5018312 ]
 [  0.           0.           1.        ]]Dist: [[ 1.39854383e-03 -2.87022337e-05 -3.72172763e-04  1.53915081e-03
   1.42579073e-07]]cameramtx: [[ 70.80626116   0.         668.49915888]
 [  0.          67.0687969  355.23963316]
 [  0.           0.           1.        ]]ROI: (6, 19, 1268, 676)MTX: [[ 71.58725965   0.         639.49828188]
 [  0.          69.14228455 359.50193314]
 [  0.           0.           1.        ]]Dist: [[ 1.39845394e-03 -2.86985265e-05 -3.72161357e-04  1.53910193e-03
   1.42551429e-07]]cameramtx: [[ 70.80395979   0.         668.49908181]
 [  0.          67.06661633 355.23972515]
 [  0.           0.           1.        ]]ROI: (6, 19, 1268, 676)MTX: [[ 71.58493129   0.         639.4981858 ]
 [  0.          69.14003561 359.50203507]
 [  0.           0.           1.        ]]Dist: [[ 1.39837280e-03 -2.86951785e-05 -3.72151108e-04  1.53905785e-03
   1.42526462e-07]]cameramtx: [[ 70.80187959   0.         668.49900447]
 [  0.          67.06464526 355.23981719]
 [  0.           0.           1.        ]]ROI: (6, 19, 1268, 676)MTX: [[ 71.58282653   0.         639.49808974]
 [  0.          69.13800261 359.50213698]
 [  0.           0.           1.        ]]Dist: [[ 1.39839242e-03 -2.86959655e-05 -3.72154192e-04  1.53906914e-03
   1.42532300e-07]]cameramtx: [[ 70.80235048   0.         668.49892564]
 [  0.          67.06509057 355.23991001]
 [  0.           0.           1.        ]]ROI: (6, 19, 1268, 676)MTX: [[ 71.58330101   0.         639.4979937 ]
 [  0.          69.13846079 359.50223889]
 [  0.           0.           1.        ]]Dist: [[ 1.39823215e-03 -2.86893707e-05 -3.72133396e-04  1.53898149e-03
   1.42483148e-07]]cameramtx: [[ 70.79826725   0.         668.4988478 ]
 [  0.          67.06122232 355.24000226]
 [  0.           0.           1.        ]]ROI: (6, 19, 1268, 676)MTX: [[ 71.57917108   0.         639.49789765]
 [  0.          69.13447188 359.50234078]
 [  0.           0.           1.        ]]Dist: [[ 1.39825629e-03 -2.86903442e-05 -3.72137313e-04  1.53899559e-03
   1.42490380e-07]]cameramtx: [[ 70.79885296   0.         668.49877471]
 [  0.          67.0617761  355.2400925 ]
 [  0.           0.           1.        ]]ROI: (6, 19, 1268, 676)MTX: [[ 71.57976182   0.         639.49780163]
 [  0.          69.13504206 359.50244266]
 [  0.           0.           1.        ]]Dist: [[ 1.39819664e-03 -2.86878780e-05 -3.72129814e-04  1.53896318e-03
   1.42471983e-07]]cameramtx: [[ 70.79731662   0.         668.49869469]
 [  0.          67.0603203  355.24018571]
 [  0.           0.           1.        ]]ROI: (6, 19, 1268, 676)MTX: [[ 71.57820682   0.         639.49770561]
 [  0.          69.13354016 359.50254452]
 [  0.           0.           1.        ]]Dist: [[ 1.39814171e-03 -2.86856065e-05 -3.72123063e-04  1.53893355e-03
   1.42455040e-07]]cameramtx: [[ 70.79590007   0.         668.49861769]
 [  0.          67.05897783 355.24027758]
 [  0.           0.           1.        ]]ROI: (6, 19, 1268, 676)MTX: [[ 71.57677302   0.         639.4976096 ]
 [  0.          69.13215518 359.50264638]
 [  0.           0.           1.        ]]Dist: [[ 1.39801500e-03 -2.86803898e-05 -3.72106745e-04  1.53886440e-03
   1.42416160e-07]]cameramtx: [[ 70.79266659   0.         668.49854062]
 [  0.          67.05591435 355.24036959]
 [  0.           0.           1.        ]]ROI: (6, 19, 1268, 676)MTX: [[ 71.57350234   0.         639.4975136 ]
 [  0.          69.12899613 359.50274822]
 [  0.           0.           1.        ]]Dist: [[ 1.39804397e-03 -2.86815615e-05 -3.72111319e-04  1.53888118e-03
   1.42424867e-07]]cameramtx: [[ 70.79337478   0.         668.49846798]
 [  0.          67.05658411 355.24045962]
 [  0.           0.           1.        ]]ROI: (6, 19, 1268, 676)MTX: [[ 71.57421693   0.         639.49741762]
 [  0.          69.12968593 359.50285005]
 [  0.           0.           1.        ]]Dist: [[ 1.39800036e-03 -2.86797546e-05 -3.72106084e-04  1.53885780e-03
   1.42411386e-07]]cameramtx: [[ 70.79224498   0.         668.49839141]
 [  0.          67.0555132  355.24055134]
 [  0.           0.           1.        ]]ROI: (6, 19, 1268, 676)MTX: [[ 71.57307311   0.         639.49732165]
 [  0.          69.12858101 359.50295187]
 [  0.           0.           1.        ]]Dist: [[ 1.39795975e-03 -2.86780714e-05 -3.72101277e-04  1.53883614e-03
   1.42398829e-07]]cameramtx: [[ 70.79119186   0.         668.49831607]
 [  0.          67.05451482 355.24064273]
 [  0.           0.           1.        ]]ROI: (6, 19, 1268, 676)MTX: [[ 71.57200687   0.         639.49722569]
 [  0.          69.12755099 359.50305368]
 [  0.           0.           1.        ]]Dist: [[ 1.39792191e-03 -2.86765013e-05 -3.72096810e-04  1.53881593e-03
   1.42387112e-07]]cameramtx: [[ 70.79020809   0.         668.49823958]
 [  0.          67.05358221 355.24073441]
 [  0.           0.           1.        ]]ROI: (6, 19, 1268, 676)MTX: [[ 71.57101069   0.         639.49712974]
 [  0.          69.12658866 359.50315547]
 [  0.           0.           1.        ]]Dist: [[ 1.39788655e-03 -2.86750330e-05 -3.72092673e-04  1.53879708e-03
   1.42376154e-07]]cameramtx: [[ 70.78928713   0.         668.49816305]
 [  0.          67.0527091  355.24082608]
 [  0.           0.           1.        ]]ROI: (6, 19, 1268, 676)MTX: [[ 71.570078     0.         639.4970338 ]
 [  0.          69.12568766 359.50325725]
 [  0.           0.           1.        ]]Dist: [[ 1.39785345e-03 -2.86736574e-05 -3.72088836e-04  1.53877948e-03
   1.42365887e-07]]cameramtx: [[ 70.78842326   0.         668.49808656]
 [  0.          67.05189006 355.24091774]
 [  0.           0.           1.        ]]ROI: (6, 19, 1268, 676)MTX: [[ 71.56920305   0.         639.49693788]
 [  0.          69.12484241 359.50335902]
 [  0.           0.           1.        ]]Dist: [[ 1.39806368e-03 -2.86822651e-05 -3.72117462e-04  1.53889593e-03
   1.42429974e-07]]cameramtx: [[ 70.79372089   0.         668.49801254]
 [  0.          67.05690688 355.24100844]
 [  0.           0.           1.        ]]ROI: (6, 19, 1268, 676)MTX: [[ 71.57455775   0.         639.49684198]
 [  0.          69.13001378 359.50346078]
 [  0.           0.           1.        ]]Dist: [[ 1.39820348e-03 -2.86879822e-05 -3.72136503e-04  1.53897325e-03
   1.42472535e-07]]cameramtx: [[ 70.79723327   0.         668.49793226]
 [  0.          67.06023313 355.24110149]
 [  0.           0.           1.        ]]ROI: (6, 19, 1268, 676)MTX: [[ 71.57810719   0.         639.4967461 ]
 [  0.          69.13344179 359.50356252]
 [  0.           0.           1.        ]]Dist: [[ 1.39822158e-03 -2.86887083e-05 -3.72139652e-04  1.53898409e-03
   1.42477923e-07]]cameramtx: [[ 70.79766661   0.         668.49786055]
 [  0.          67.06064251 355.24119119]
 [  0.           0.           1.        ]]ROI: (6, 19, 1268, 676)MTX: [[ 71.57854396   0.         639.49665021]
 [  0.          69.13386327 359.50366425]
 [  0.           0.           1.        ]]Dist: [[ 1.39834974e-03 -2.86939475e-05 -3.72156191e-04  1.53905443e-03
   1.42516928e-07]]cameramtx: [[ 70.80088533   0.         668.49776938]
 [  0.          67.06369096 355.24129513]
 [  0.           0.           1.        ]]ROI: (6, 19, 1268, 676)MTX: [[ 71.58179554   0.         639.49655434]
 [  0.          69.13700411 359.50376597]
 [  0.           0.           1.        ]]Dist: [[ 1.39857907e-03 -2.87033451e-05 -3.72188520e-04  1.53918234e-03
   1.42586927e-07]]cameramtx: [[ 70.80666648   0.         668.49771306]
 [  0.          67.06916499 355.24137249]
 [  0.           0.           1.        ]]ROI: (6, 19, 1268, 676)MTX: [[ 71.58764042   0.         639.49645849]
 [  0.          69.14264819 359.50386768]
 [  0.           0.           1.        ]]Dist: [[ 1.39869166e-03 -2.87079487e-05 -3.72204086e-04  1.53924491e-03
   1.42621208e-07]]cameramtx: [[ 70.80949044   0.         668.49763681]
 [  0.          67.07183896 355.24146384]
 [  0.           0.           1.        ]]ROI: (6, 19, 1268, 676)MTX: [[ 71.59049401   0.         639.49636264]
 [  0.          69.14540401 359.50396938]
 [  0.           0.           1.        ]]Dist: [[ 1.39879869e-03 -2.87123247e-05 -3.72218939e-04  1.53930449e-03
   1.42653796e-07]]cameramtx: [[ 70.81217412   0.         668.49756177]
 [  0.          67.07437998 355.24155489]
 [  0.           0.           1.        ]]ROI: (6, 19, 1268, 676)MTX: [[ 71.59320584   0.         639.49626681]
 [  0.          69.14802289 359.50407106]
 [  0.           0.           1.        ]]Dist: [[ 1.39890060e-03 -2.87164906e-05 -3.72233107e-04  1.53936124e-03
   1.42684821e-07]]cameramtx: [[ 70.81472786   0.         668.49748661]
 [  0.          67.07679795 355.24164597]
 [  0.           0.           1.        ]]ROI: (6, 19, 1268, 676)MTX: [[ 71.59578627   0.         639.49617098]
 [  0.          69.15051486 359.50417273]
 [  0.           0.           1.        ]]Dist: [[ 1.39899773e-03 -2.87204610e-05 -3.72246639e-04  1.53941536e-03
   1.42714390e-07]]cameramtx: [[ 70.81716089   0.         668.4974115 ]
 [  0.          67.07910156 355.24173703]
 [  0.           0.           1.        ]]ROI: (6, 19, 1268, 676)MTX: [[ 71.59824469   0.         639.49607517]
 [  0.          69.15288899 359.50427439]
 [  0.           0.           1.        ]]Dist: [[ 1.39909044e-03 -2.87242497e-05 -3.72259580e-04  1.53946704e-03
   1.42742608e-07]]cameramtx: [[ 70.81948168   0.         668.49733633]
 [  0.          67.08129888 355.2418281 ]
 [  0.           0.           1.        ]]ROI: (6, 19, 1268, 676)MTX: [[ 71.60058962   0.         639.49597936]
 [  0.          69.15515352 359.50437604]
 [  0.           0.           1.        ]]